0 0.203125 0.214352 0.016667 0.021296
0 0.226302 0.195370 0.009896 0.014815
0 0.235677 0.187037 0.005729 0.011111
0 0.240885 0.182870 0.004687 0.012037
0 0.246354 0.178704 0.005208 0.011111
0 0.613542 0.315741 0.019792 0.016667
0 0.641406 0.319907 0.020313 0.017593
0 0.669271 0.325000 0.020833 0.016667
0 0.431510 0.306944 0.021354 0.013889
0 0.466927 0.307407 0.020313 0.016667
0 0.503906 0.308796 0.022396 0.017593
0 0.479687 0.126852 0.018750 0.014815
0 0.502604 0.129630 0.019792 0.016667
0 0.526302 0.132870 0.019271 0.015741
0 0.548438 0.135185 0.019792 0.014815
0 0.570052 0.138426 0.015104 0.013889
