0 0.179167 0.262963 0.019792 0.007407
0 0.214583 0.264352 0.019792 0.008333
0 0.225781 0.263889 0.004687 0.009259
0 0.259115 0.262037 0.008854 0.011111
0 0.276042 0.262963 0.010417 0.011111
0 0.295312 0.337963 0.012500 0.011111
0 0.317708 0.258333 0.011458 0.012963
0 0.366406 0.263889 0.005729 0.005556
0 0.407031 0.265741 0.007812 0.007407
0 0.478125 0.263426 0.006250 0.008333
0 0.560156 0.274537 0.009896 0.012037
0 0.540885 0.275463 0.005729 0.006481
0 0.533333 0.332870 0.006250 0.004630
0 0.639062 0.320833 0.009375 0.013889
0 0.627083 0.239815 0.005208 0.005556
0 0.678125 0.320833 0.010417 0.013889
0 0.697396 0.169907 0.016667 0.017593
0 0.729688 0.160185 0.033333 0.025926
0 0.760938 0.189352 0.006250 0.006481
0 0.777344 0.153241 0.036979 0.023148
0 0.804688 0.187963 0.006250 0.005556
0 0.835938 0.152315 0.021875 0.008333
0 0.863802 0.153704 0.021354 0.007407
0 0.898438 0.151852 0.008333 0.009259
0 0.946875 0.467130 0.005208 0.013889
0 0.950521 0.259722 0.007292 0.008333
0 0.958854 0.259722 0.008333 0.008333
0 0.967448 0.259722 0.007812 0.008333
0 0.985677 0.187500 0.006771 0.008333
0 0.992969 0.186574 0.007812 0.010185
0 0.998698 0.187500 0.002604 0.008333
0 0.998177 0.258796 0.003646 0.006481
