0 0.081510 0.203241 0.011979 0.025000
0 0.093750 0.206944 0.015625 0.023148
0 0.109635 0.207870 0.015104 0.026852
0 0.125521 0.204630 0.016667 0.025926
0 0.169531 0.200463 0.015104 0.026852
0 0.185677 0.198611 0.016146 0.026852
0 0.203125 0.198611 0.017708 0.026852
0 0.439583 0.194907 0.084375 0.060185
0 0.629948 0.231019 0.030729 0.050926
0 0.655990 0.244907 0.045312 0.037963
0 0.699219 0.230093 0.034896 0.054630
0 0.844792 0.250463 0.044792 0.026852
0 0.840625 0.298148 0.025000 0.064815
0 0.633333 0.452315 0.019792 0.036111
0 0.598437 0.448611 0.015625 0.030556
