0 0.138281 0.375463 0.004687 0.006481
0 0.165625 0.349537 0.008333 0.008333
0 0.167448 0.376389 0.005729 0.008333
0 0.268229 0.316667 0.009375 0.011111
0 0.279687 0.315278 0.011458 0.012037
0 0.277344 0.342593 0.004687 0.005556
0 0.313802 0.361111 0.021354 0.014815
0 0.333854 0.346759 0.003125 0.004630
0 0.331250 0.346759 0.002083 0.006481
0 0.359896 0.321759 0.023958 0.006481
0 0.346354 0.346759 0.004167 0.004630
0 0.350260 0.346759 0.003646 0.006481
0 0.353906 0.347222 0.003646 0.005556
0 0.357292 0.386574 0.003125 0.006481
0 0.371875 0.421296 0.004167 0.003704
0 0.377604 0.420370 0.004167 0.003704
0 0.376823 0.321759 0.007812 0.006481
