0 0.140104 0.411111 0.011458 0.011111
0 0.156510 0.411111 0.010937 0.011111
0 0.172396 0.411574 0.011458 0.012037
0 0.228906 0.413426 0.010937 0.012037
0 0.244792 0.415741 0.011458 0.014815
0 0.201823 0.309722 0.011979 0.013889
0 0.214583 0.311111 0.011458 0.012963
0 0.227604 0.311574 0.011458 0.013889
0 0.240885 0.311111 0.010937 0.011111
0 0.254427 0.311111 0.010937 0.011111
0 0.462500 0.168056 0.019792 0.037963
0 0.503906 0.159722 0.028646 0.021296
0 0.409115 0.178704 0.060937 0.024074
0 0.354167 0.160185 0.021875 0.027778
0 0.498698 0.299537 0.013021 0.010185
0 0.094792 0.575000 0.006250 0.012963
0 0.099479 0.615278 0.005208 0.008333
0 0.305208 0.150926 0.031250 0.016667
0 0.289844 0.210185 0.002604 0.005556
