0 0.079167 0.400926 0.037500 0.012963
0 0.080990 0.443056 0.023438 0.010185
0 0.121354 0.441204 0.021875 0.012037
0 0.058073 0.404630 0.004687 0.005556
0 0.148177 0.412963 0.020313 0.014815
0 0.167969 0.426852 0.016146 0.014815
0 0.188542 0.426389 0.013542 0.008333
0 0.201563 0.426389 0.007292 0.008333
0 0.216146 0.424537 0.016667 0.013889
0 0.244792 0.423611 0.010417 0.012037
0 0.253385 0.421296 0.007812 0.012963
0 0.304688 0.414352 0.015625 0.017593
0 0.279687 0.461574 0.004167 0.006481
0 0.326823 0.411111 0.007812 0.007407
0 0.334635 0.411111 0.007812 0.007407
0 0.306771 0.489815 0.004167 0.005556
0 0.307031 0.494907 0.004687 0.006481
0 0.603385 0.175463 0.067187 0.063889
0 0.605469 0.469444 0.024479 0.035185
