0 0.089583 0.537963 0.005208 0.005556
0 0.072135 0.538426 0.003646 0.004630
0 0.076563 0.538889 0.003125 0.005556
0 0.083073 0.538426 0.003646 0.004630
0 0.202083 0.556019 0.004167 0.004630
0 0.216146 0.514352 0.006250 0.006481
0 0.212500 0.512500 0.006250 0.008333
0 0.314583 0.540741 0.007292 0.005556
0 0.328125 0.541204 0.009375 0.006481
0 0.222135 0.532870 0.003646 0.006481
0 0.341406 0.521296 0.021354 0.007407
0 0.330469 0.572222 0.004687 0.007407
0 0.652083 0.318056 0.014583 0.010185
0 0.652344 0.327778 0.016146 0.009259
