0 0.130469 0.289352 0.024479 0.043519
0 0.146354 0.300926 0.023958 0.018519
0 0.212240 0.241667 0.017188 0.020370
0 0.262760 0.237963 0.030729 0.040741
0 0.295833 0.230556 0.035417 0.044444
0 0.326042 0.228241 0.032292 0.054630
0 0.354687 0.225000 0.030208 0.046296
0 0.458594 0.143056 0.009896 0.017593
0 0.477344 0.130556 0.018229 0.022222
0 0.592448 0.370833 0.035937 0.036111
0 0.632552 0.370370 0.040104 0.033333
0 0.672917 0.363889 0.034375 0.031481
0 0.820573 0.355556 0.030729 0.033333
0 0.859896 0.356944 0.036458 0.030556
0 0.897135 0.356944 0.033854 0.030556
0 0.719271 0.101389 0.031250 0.026852
0 0.751042 0.096296 0.033333 0.029630
0 0.783333 0.097685 0.033333 0.028704
0 0.815365 0.095833 0.031771 0.030556
0 0.848437 0.094907 0.029167 0.030556
0 0.867969 0.096296 0.007812 0.014815
0 0.950521 0.273148 0.021875 0.016667
0 0.979948 0.273148 0.027604 0.012963
0 0.489844 0.698148 0.019271 0.037037
