0 0.004167 0.221759 0.007292 0.008333
0 0.012500 0.222222 0.008333 0.007407
0 0.030208 0.150000 0.007292 0.007407
0 0.038021 0.150463 0.008333 0.008333
0 0.045833 0.150000 0.008333 0.007407
0 0.053906 0.150000 0.007812 0.007407
0 0.061719 0.150000 0.006771 0.009259
0 0.045833 0.222685 0.009375 0.008333
0 0.056250 0.223611 0.009375 0.010185
0 0.066927 0.225000 0.009896 0.011111
0 0.171354 0.152778 0.014583 0.007407
0 0.183594 0.152778 0.009896 0.009259
0 0.205469 0.154630 0.019271 0.009259
0 0.165885 0.436111 0.011979 0.005556
0 0.144271 0.438889 0.012500 0.005556
0 0.861979 0.337037 0.008333 0.011111
