0 0.207292 0.250000 0.010417 0.022222
0 0.221615 0.248611 0.011979 0.023148
0 0.235937 0.247685 0.012500 0.023148
0 0.251563 0.247222 0.013542 0.024074
0 0.272396 0.242130 0.028125 0.054630
0 0.558073 0.717130 0.025521 0.036111
0 0.586198 0.941667 0.009896 0.022222
0 0.567187 0.494907 0.007292 0.012037
0 0.660417 0.391667 0.035417 0.038889
0 0.701823 0.390278 0.035937 0.037963
0 0.741146 0.387500 0.036458 0.039815
0 0.887760 0.377315 0.035937 0.034259
0 0.929167 0.378241 0.037500 0.032407
0 0.967187 0.378241 0.034375 0.032407
