0 0.177865 0.341204 0.013021 0.017593
0 0.162760 0.341204 0.013021 0.015741
0 0.148438 0.341204 0.012500 0.013889
0 0.133594 0.339815 0.013021 0.011111
0 0.117708 0.339352 0.012500 0.012037
0 0.105208 0.339352 0.008333 0.010185
0 0.098177 0.343519 0.002604 0.007407
0 0.115885 0.453241 0.011979 0.012037
0 0.133854 0.452778 0.012500 0.011111
0 0.152344 0.454167 0.013021 0.012037
0 0.215885 0.454630 0.011979 0.014815
0 0.233854 0.456481 0.012500 0.014815
0 0.251563 0.458796 0.012500 0.013889
0 0.305469 0.595833 0.009896 0.015741
0 0.307031 0.685185 0.003646 0.009259
0 0.075521 0.591204 0.008333 0.015741
0 0.364844 0.061111 0.002604 0.009259
0 0.494531 0.002778 0.023438 0.003704
0 0.552604 0.008333 0.045833 0.014815
0 0.595573 0.395370 0.023438 0.024074
