0 0.050260 0.206944 0.005729 0.012037
0 0.062760 0.210185 0.011979 0.018519
0 0.076823 0.209259 0.014063 0.016667
0 0.092708 0.206019 0.012500 0.019444
0 0.134896 0.204167 0.013542 0.015741
0 0.150781 0.202778 0.011979 0.016667
0 0.167187 0.201852 0.014583 0.018519
0 0.425521 0.199537 0.020833 0.043519
0 0.384635 0.198611 0.015104 0.039815
0 0.528646 0.206019 0.012500 0.015741
0 0.287500 0.382407 0.069792 0.081481
0 0.552604 0.500000 0.020833 0.022222
0 0.654948 0.450926 0.010937 0.024074
0 0.606510 0.812500 0.013021 0.030556
0 0.879167 0.075463 0.016667 0.019444
0 0.900781 0.067130 0.016146 0.017593
0 0.915365 0.063426 0.014063 0.013889
0 0.942448 0.060648 0.031771 0.026852
0 0.977344 0.059259 0.030729 0.025926
0 0.997396 0.056019 0.005208 0.023148
