0 0.115365 0.326389 0.010937 0.012037
0 0.154688 0.326389 0.012500 0.013889
0 0.173698 0.173148 0.017188 0.016667
0 0.205729 0.164352 0.033333 0.025000
0 0.254688 0.158333 0.034375 0.022222
0 0.238021 0.194907 0.007292 0.008333
0 0.281771 0.194444 0.007292 0.007407
0 0.312500 0.159722 0.021875 0.008333
0 0.339844 0.161111 0.021354 0.009259
0 0.374479 0.159722 0.008333 0.008333
0 0.430469 0.268519 0.006771 0.009259
0 0.438802 0.268056 0.006771 0.008333
0 0.447135 0.268519 0.005729 0.009259
0 0.480729 0.268519 0.008333 0.009259
0 0.491146 0.269907 0.008333 0.010185
0 0.501042 0.271296 0.008333 0.011111
0 0.505469 0.385185 0.006771 0.014815
0 0.499219 0.196759 0.007812 0.008333
0 0.506510 0.196296 0.008854 0.011111
0 0.514583 0.196296 0.007292 0.011111
0 0.521875 0.196296 0.008333 0.011111
0 0.531250 0.196296 0.008333 0.011111
0 0.539583 0.197222 0.007292 0.009259
0 0.545573 0.197685 0.004687 0.008333
0 0.550260 0.196759 0.004687 0.008333
0 0.554948 0.197222 0.004687 0.009259
0 0.559115 0.197222 0.004687 0.005556
0 0.572396 0.197685 0.006250 0.008333
0 0.577865 0.198148 0.004687 0.007407
0 0.582031 0.198148 0.004687 0.007407
0 0.586719 0.197685 0.004687 0.008333
0 0.590625 0.198611 0.005208 0.008333
0 0.560937 0.484722 0.012500 0.006481
0 0.582552 0.482870 0.011979 0.006481
