0 0.104688 0.193519 0.009375 0.011111
0 0.114323 0.194907 0.009896 0.010185
0 0.123438 0.194444 0.010417 0.011111
0 0.133073 0.195370 0.009896 0.011111
0 0.142448 0.195370 0.010937 0.011111
0 0.058854 0.282407 0.010417 0.011111
0 0.068750 0.282870 0.009375 0.012037
0 0.079427 0.282870 0.008854 0.012037
0 0.120313 0.285185 0.011458 0.011111
0 0.133333 0.286574 0.011458 0.012037
0 0.145833 0.287963 0.011458 0.012963
0 0.280208 0.205093 0.017708 0.010185
0 0.296354 0.206944 0.011458 0.010185
0 0.323958 0.210185 0.023958 0.011111
0 0.349740 0.247685 0.002604 0.006481
0 0.128125 0.468519 0.006250 0.009259
0 0.160677 0.397222 0.007812 0.011111
0 0.047135 0.539815 0.004687 0.016667
0 0.237760 0.561111 0.015104 0.007407
0 0.860417 0.273148 0.006250 0.009259
