0 0.081510 0.148611 0.014063 0.015741
0 0.097656 0.140741 0.015104 0.018519
0 0.113021 0.131944 0.015625 0.017593
0 0.130208 0.124074 0.014583 0.020370
0 0.147396 0.114352 0.015625 0.021296
0 0.205208 0.080556 0.017708 0.020370
0 0.226042 0.070833 0.018750 0.021296
0 0.248177 0.057407 0.018229 0.020370
0 0.270833 0.044444 0.019792 0.022222
0 0.300521 0.035185 0.027083 0.016667
0 0.337500 0.034722 0.029167 0.017593
0 0.363021 0.046296 0.007292 0.007407
0 0.607292 0.757407 0.017708 0.035185
0 0.546615 0.270370 0.026562 0.020370
