0 0.057552 0.532407 0.010937 0.007407
0 0.204427 0.541667 0.005729 0.007407
0 0.294271 0.528241 0.009375 0.006481
0 0.308333 0.528241 0.010417 0.006481
0 0.284896 0.566204 0.005208 0.004630
0 0.299219 0.566667 0.005729 0.005556
0 0.336979 0.550926 0.006250 0.007407
0 0.381250 0.532870 0.006250 0.006481
0 0.391667 0.533333 0.009375 0.007407
0 0.522135 0.543519 0.020313 0.016667
0 0.539062 0.554630 0.008333 0.009259
0 0.535156 0.512037 0.011979 0.014815
0 0.591927 0.537037 0.008854 0.005556
0 0.605208 0.537500 0.012500 0.006481
0 0.616406 0.518981 0.027604 0.008333
0 0.622917 0.594444 0.009375 0.003704
0 0.610156 0.568519 0.007812 0.005556
0 0.759896 0.392130 0.014583 0.017593
0 0.689583 0.620370 0.011458 0.022222
0 0.836458 0.394907 0.016667 0.017593
0 0.856771 0.437500 0.011458 0.023148
0 0.846875 0.638889 0.011458 0.024074
