0 0.001302 0.322685 0.001563 0.006481
0 0.061979 0.326852 0.009375 0.005556
0 0.002344 0.353241 0.003646 0.006481
0 0.006250 0.389352 0.005208 0.006481
0 0.049479 0.325926 0.012500 0.007407
0 0.042448 0.441667 0.006771 0.003704
0 0.032552 0.442593 0.006771 0.003704
0 0.660677 0.175000 0.035937 0.016667
0 0.711198 0.175926 0.041146 0.014815
0 0.742708 0.191204 0.005208 0.010185
0 0.785156 0.220370 0.008854 0.014815
0 0.796094 0.225926 0.011979 0.014815
0 0.815625 0.236574 0.007292 0.013889
0 0.825260 0.241667 0.011979 0.014815
0 0.988021 0.360648 0.009375 0.008333
0 0.979688 0.362037 0.007292 0.005556
0 0.967708 0.362500 0.007292 0.006481
0 0.956510 0.362500 0.004687 0.006481
0 0.995833 0.360185 0.004167 0.007407
