0 0.090625 0.286574 0.004167 0.008333
0 0.086198 0.290278 0.002604 0.006481
0 0.069531 0.601389 0.007812 0.017593
0 0.075000 0.650926 0.004167 0.009259
0 0.193490 0.282870 0.014063 0.012037
0 0.208594 0.283333 0.013021 0.011111
0 0.224740 0.283796 0.014063 0.012037
0 0.240104 0.282870 0.013542 0.013889
0 0.255729 0.283333 0.013542 0.012963
0 0.122656 0.405093 0.013021 0.013889
0 0.141406 0.405093 0.013021 0.013889
0 0.160938 0.405093 0.013542 0.013889
0 0.228125 0.406481 0.014583 0.016667
0 0.246875 0.408333 0.015625 0.016667
0 0.265365 0.409722 0.014063 0.017593
0 0.006771 0.703241 0.012500 0.012037
0 0.477865 0.371296 0.022396 0.022222
0 0.448958 0.043056 0.041667 0.030556
0 0.388281 0.025000 0.044271 0.048148
0 0.330208 0.010648 0.043750 0.019444
0 0.318229 0.087037 0.004167 0.009259
