0 0.073177 0.273611 0.010937 0.013889
0 0.087500 0.279167 0.018750 0.008333
0 0.108594 0.274537 0.016146 0.013889
0 0.104688 0.315278 0.006250 0.006481
0 0.153646 0.269907 0.006250 0.004630
0 0.162760 0.270370 0.009896 0.005556
0 0.176042 0.269444 0.003125 0.005556
0 0.185417 0.320833 0.003125 0.006481
0 0.189323 0.320833 0.004687 0.006481
0 0.207552 0.321296 0.005729 0.007407
0 0.213281 0.321759 0.005729 0.008333
0 0.218750 0.322222 0.005208 0.007407
0 0.219531 0.283796 0.017188 0.008333
0 0.236458 0.284259 0.016667 0.009259
0 0.223958 0.380093 0.005208 0.010185
0 0.246094 0.431481 0.004687 0.003704
0 0.254427 0.430093 0.004687 0.004630
0 0.158854 0.344444 0.031250 0.020370
