0 0.084115 0.109722 0.118229 0.052778
0 0.136458 0.285648 0.064583 0.060185
0 0.419531 0.166204 0.022396 0.034259
0 0.373698 0.250926 0.005729 0.005556
0 0.385417 0.341204 0.013542 0.015741
0 0.432292 0.176389 0.020833 0.019444
0 0.592969 0.252778 0.008854 0.011111
0 0.601042 0.251852 0.010417 0.011111
0 0.610417 0.250926 0.009375 0.011111
0 0.646354 0.250000 0.010417 0.011111
0 0.658594 0.250463 0.010937 0.010185
0 0.670312 0.250926 0.009375 0.011111
0 0.672135 0.153704 0.034896 0.012963
0 0.650781 0.156944 0.006771 0.012037
0 0.853125 0.151852 0.043750 0.014815
0 0.892969 0.152315 0.007812 0.008333
0 0.675781 0.366667 0.008854 0.012963
0 0.634375 0.440741 0.008333 0.012963
0 0.551823 0.519444 0.003646 0.018519
0 0.681510 0.513889 0.006771 0.020370
