0 0.045312 0.265741 0.016667 0.007407
0 0.082292 0.267130 0.023958 0.008333
0 0.123698 0.264815 0.009896 0.011111
0 0.140104 0.264815 0.010417 0.011111
0 0.159896 0.341667 0.012500 0.011111
0 0.182292 0.261574 0.012500 0.010185
0 0.189583 0.266204 0.008333 0.006481
0 0.230990 0.267130 0.004687 0.006481
0 0.271875 0.268056 0.006250 0.006481
0 0.344010 0.266667 0.006771 0.007407
0 0.543750 0.324537 0.010417 0.012037
0 0.562240 0.172222 0.018229 0.014815
0 0.594531 0.161574 0.031771 0.023148
0 0.643229 0.155556 0.036458 0.018519
0 0.626042 0.192593 0.006250 0.005556
0 0.669271 0.191204 0.005208 0.006481
0 0.700260 0.154630 0.023438 0.011111
0 0.728125 0.156481 0.021875 0.009259
0 0.814583 0.262500 0.006250 0.008333
0 0.823177 0.262037 0.006771 0.009259
0 0.831771 0.262500 0.008333 0.008333
0 0.864583 0.261111 0.008333 0.007407
0 0.874740 0.262963 0.007812 0.009259
0 0.885417 0.263426 0.010417 0.010185
0 0.899479 0.350000 0.005208 0.007407
0 0.875521 0.407870 0.006250 0.008333
0 0.849479 0.189815 0.007292 0.007407
0 0.857292 0.190278 0.007292 0.008333
0 0.864844 0.189815 0.006771 0.007407
0 0.873177 0.189815 0.007812 0.007407
0 0.880208 0.189352 0.009375 0.008333
0 0.990365 0.188426 0.014063 0.008333
0 0.998958 0.188889 0.002083 0.009259
0 0.962500 0.477315 0.011458 0.008333
0 0.984375 0.474537 0.012500 0.006481
0 0.762760 0.155556 0.007812 0.009259
