0 0.343229 0.342593 0.016667 0.014815
0 0.548177 0.248611 0.011979 0.012037
0 0.576823 0.247222 0.046354 0.018519
0 0.588802 0.346296 0.011979 0.012963
0 0.604427 0.346759 0.013021 0.013889
0 0.619531 0.347685 0.015104 0.015741
0 0.538021 0.347685 0.014583 0.013889
0 0.524219 0.347685 0.013021 0.015741
0 0.510677 0.348611 0.013021 0.013889
0 0.645573 0.469907 0.005729 0.010185
0 0.720833 0.253241 0.012500 0.010185
0 0.732292 0.254630 0.009375 0.007407
0 0.750781 0.257870 0.016146 0.008333
0 0.054427 0.358333 0.006771 0.009259
