0 0.052604 0.167130 0.104167 0.023148
0 0.141927 0.175000 0.029687 0.022222
0 0.178906 0.178704 0.041146 0.022222
0 0.021094 0.219907 0.009896 0.015741
0 0.021354 0.325463 0.009375 0.013889
0 0.276823 0.671296 0.030729 0.012963
0 0.336458 0.670833 0.029167 0.010185
0 0.477344 0.462500 0.004687 0.008333
0 0.530729 0.549537 0.007292 0.010185
0 0.475260 0.372685 0.004687 0.008333
0 0.666406 0.385648 0.009896 0.010185
0 0.677604 0.385648 0.010417 0.012037
0 0.688802 0.384722 0.010937 0.010185
0 0.731250 0.384722 0.010417 0.010185
0 0.743229 0.385648 0.009375 0.010185
0 0.755990 0.385185 0.009896 0.009259
0 0.782292 0.480093 0.005208 0.006481
0 0.771875 0.543981 0.005208 0.006481
