0 0.037240 0.105093 0.027604 0.028704
0 0.291406 0.099074 0.040104 0.024074
0 0.328125 0.096759 0.029167 0.037963
0 0.403125 0.097222 0.023958 0.014815
0 0.457552 0.088889 0.046354 0.029630
0 0.498958 0.086111 0.020833 0.035185
0 0.502604 0.257407 0.026042 0.024074
0 0.538542 0.256481 0.023958 0.031481
0 0.394531 0.250463 0.009896 0.010185
0 0.709635 0.052778 0.044271 0.062963
0 0.270052 0.270370 0.009896 0.009259
0 0.296094 0.268519 0.008854 0.009259
0 0.599219 0.088889 0.035937 0.014815
0 0.640885 0.087037 0.035937 0.012963
0 0.966667 0.049074 0.043750 0.035185
