0 0.202865 0.123611 0.008854 0.012037
0 0.194792 0.130093 0.005208 0.010185
0 0.180729 0.141204 0.009375 0.012037
0 0.381510 0.101389 0.017188 0.015741
0 0.403646 0.102315 0.017708 0.013889
0 0.425521 0.104167 0.017708 0.015741
0 0.447135 0.105556 0.017188 0.012963
0 0.468750 0.106944 0.015625 0.013889
0 0.301302 0.273611 0.017188 0.015741
0 0.331771 0.274074 0.017708 0.018519
0 0.361458 0.275000 0.018750 0.016667
0 0.460938 0.279167 0.017708 0.015741
0 0.488021 0.281944 0.017708 0.017593
0 0.515365 0.284722 0.019271 0.017593
0 0.232292 0.588426 0.011458 0.019444
0 0.252344 0.677778 0.006771 0.012963
0 0.183594 0.796759 0.007812 0.013889
0 0.198437 0.815741 0.007292 0.014815
