0 0.013802 0.255556 0.010937 0.009259
0 0.040365 0.261574 0.021354 0.012037
0 0.017448 0.342593 0.007812 0.007407
0 0.161719 0.366204 0.007812 0.008333
0 0.166667 0.378241 0.007292 0.006481
0 0.545052 0.138889 0.024479 0.016667
0 0.663542 0.229630 0.012500 0.020370
0 0.654948 0.033333 0.009896 0.020370
0 0.690885 0.004167 0.008854 0.006481
0 0.728646 0.761111 0.007292 0.012963
0 0.715885 0.774537 0.007812 0.012037
0 0.782031 0.506019 0.009896 0.015741
0 0.782031 0.564352 0.003646 0.010185
0 0.829167 0.317593 0.005208 0.005556
0 0.825521 0.351389 0.006250 0.010185
