0 0.038542 0.466667 0.031250 0.018519
0 0.652083 0.344444 0.018750 0.016667
0 0.673698 0.345370 0.020313 0.016667
0 0.695052 0.345370 0.020313 0.018519
0 0.732552 0.163889 0.015104 0.016667
0 0.752865 0.163426 0.018229 0.021296
0 0.773177 0.163426 0.018229 0.021296
0 0.791927 0.162963 0.020313 0.018519
0 0.811198 0.162500 0.019271 0.021296
0 0.781250 0.344444 0.021875 0.020370
0 0.807031 0.346296 0.024479 0.022222
0 0.832292 0.349537 0.025000 0.023148
0 0.816667 0.711574 0.012500 0.017593
0 0.872396 0.565741 0.014583 0.018519
0 0.402604 0.618519 0.011458 0.012963
0 0.659375 0.861574 0.006250 0.036111
