0 0.202083 0.186574 0.008333 0.015741
0 0.229167 0.176389 0.036458 0.034259
0 0.282292 0.167593 0.044792 0.029630
0 0.356771 0.159259 0.027083 0.011111
0 0.379688 0.173148 0.020833 0.037037
0 0.393229 0.182407 0.019792 0.016667
0 0.432812 0.152315 0.010417 0.010185
0 0.476302 0.201852 0.007812 0.007407
0 0.524479 0.196759 0.007292 0.008333
0 0.633594 0.162963 0.035937 0.012963
0 0.612760 0.162500 0.006771 0.008333
0 0.571875 0.258333 0.009375 0.011111
0 0.562500 0.259259 0.008333 0.012963
0 0.554427 0.259259 0.008854 0.009259
0 0.608073 0.257407 0.010937 0.009259
0 0.619531 0.258333 0.010937 0.011111
0 0.632292 0.257407 0.010417 0.009259
0 0.827344 0.172222 0.047396 0.022222
0 0.828385 0.158333 0.019271 0.011111
0 0.805729 0.160648 0.025000 0.017593
0 0.865625 0.171296 0.028125 0.029630
0 0.636979 0.373148 0.008333 0.014815
0 0.596354 0.448611 0.009375 0.013889
0 0.353906 0.348148 0.011979 0.014815
