0 0.110677 0.145833 0.011979 0.012037
0 0.127083 0.147222 0.014583 0.012963
0 0.144010 0.146759 0.015104 0.012037
0 0.160156 0.148611 0.014063 0.013889
0 0.176302 0.148148 0.015104 0.014815
0 0.069531 0.290741 0.014063 0.014815
0 0.088802 0.290278 0.017188 0.013889
0 0.156771 0.294444 0.016667 0.012963
0 0.178646 0.296759 0.016667 0.013889
0 0.200000 0.300000 0.017708 0.014815
0 0.233333 0.473148 0.010417 0.012963
0 0.193229 0.588426 0.007292 0.012037
0 0.368490 0.156944 0.006771 0.008333
0 0.376042 0.156944 0.007292 0.008333
0 0.383333 0.156944 0.008333 0.012037
0 0.392708 0.158333 0.007292 0.011111
0 0.400260 0.158796 0.006771 0.008333
0 0.420833 0.160185 0.007292 0.009259
0 0.427344 0.160648 0.006771 0.010185
0 0.434375 0.160648 0.006250 0.008333
0 0.441146 0.161111 0.007292 0.009259
0 0.584635 0.200000 0.006771 0.005556
0 0.597396 0.200463 0.013542 0.013889
0 0.746875 0.271759 0.029167 0.034259
0 0.955729 0.272222 0.030208 0.035185
