0 0.102604 0.350463 0.015625 0.008333
0 0.042708 0.431481 0.004167 0.003704
0 0.069531 0.431944 0.005729 0.004630
0 0.129688 0.350463 0.020833 0.008333
0 0.242708 0.356944 0.005208 0.004630
0 0.402865 0.403241 0.007812 0.008333
0 0.388542 0.427778 0.005208 0.007407
0 0.397917 0.359259 0.005208 0.007407
0 0.410677 0.359722 0.004687 0.006481
0 0.422917 0.359259 0.005208 0.007407
0 0.463021 0.360648 0.005208 0.008333
0 0.475521 0.361111 0.006250 0.007407
0 0.636458 0.373148 0.012500 0.007407
0 0.654427 0.302315 0.009896 0.013889
0 0.664583 0.306944 0.016667 0.010185
0 0.686979 0.301389 0.020833 0.017593
0 0.716667 0.296759 0.025000 0.013889
0 0.756771 0.297222 0.016667 0.007407
0 0.774219 0.297685 0.015104 0.008333
0 0.798177 0.297222 0.006771 0.005556
0 0.851823 0.361574 0.005729 0.006481
0 0.856771 0.361574 0.005208 0.006481
0 0.861198 0.360648 0.004687 0.006481
0 0.880208 0.361111 0.006250 0.007407
0 0.886198 0.362037 0.005729 0.007407
0 0.892188 0.362037 0.005208 0.009259
0 0.913542 0.318056 0.041667 0.010185
0 0.947656 0.318056 0.018229 0.006481
0 0.891927 0.429167 0.005729 0.010185
0 0.931771 0.488426 0.008333 0.004630
0 0.946615 0.487500 0.007812 0.004630
