0 0.297135 0.152778 0.020313 0.031481
0 0.327865 0.147222 0.016146 0.009259
0 0.345052 0.146759 0.015104 0.008333
0 0.361458 0.145833 0.015625 0.008333
0 0.532031 0.150926 0.035937 0.048148
0 0.670312 0.142593 0.034375 0.024074
0 0.628385 0.201852 0.005729 0.007407
0 0.635156 0.201852 0.006771 0.007407
0 0.597396 0.144444 0.010417 0.005556
0 0.589323 0.144907 0.005729 0.008333
0 0.666927 0.200000 0.006771 0.007407
0 0.674740 0.200463 0.006771 0.008333
0 0.683073 0.201389 0.006771 0.008333
0 0.773958 0.143519 0.023958 0.016667
0 0.797917 0.144444 0.020833 0.016667
0 0.389062 0.307870 0.015625 0.028704
