0 0.067448 0.318519 0.005729 0.007407
0 0.078125 0.318519 0.006250 0.009259
0 0.160417 0.319907 0.020833 0.025000
0 0.200260 0.318056 0.008854 0.017593
0 0.447135 0.254630 0.063021 0.061111
0 0.550521 0.236574 0.007292 0.012037
0 0.559375 0.237037 0.009375 0.011111
0 0.569010 0.236574 0.011979 0.013889
0 0.694010 0.296296 0.007812 0.011111
0 0.779687 0.287037 0.009375 0.011111
0 0.774740 0.218981 0.011979 0.013889
0 0.750260 0.140741 0.033854 0.018519
0 0.729427 0.131944 0.017188 0.025000
0 0.790365 0.132407 0.038021 0.033333
0 0.842448 0.119444 0.044271 0.031481
0 0.910417 0.113426 0.026042 0.012037
0 0.941667 0.111574 0.023958 0.013889
0 0.963802 0.118981 0.006771 0.010185
0 0.975521 0.118519 0.019792 0.012963
0 0.980990 0.106019 0.009896 0.013889
0 0.912500 0.218519 0.028125 0.012963
0 0.880469 0.288426 0.013021 0.013889
0 0.861979 0.291667 0.012500 0.012963
0 0.933594 0.284722 0.013021 0.015741
0 0.958594 0.215278 0.011979 0.010185
0 0.971094 0.215278 0.009896 0.010185
0 0.982552 0.215741 0.006771 0.012963
0 0.988542 0.331019 0.006250 0.013889
0 0.992188 0.119444 0.015625 0.014815
0 0.284635 0.089352 0.111979 0.060185
