0 0.339323 0.386111 0.013021 0.011111
0 0.364063 0.386111 0.012500 0.011111
0 0.389323 0.385185 0.013021 0.009259
0 0.490885 0.386574 0.015104 0.012037
0 0.520573 0.388889 0.014063 0.011111
0 0.550260 0.390278 0.014063 0.012037
0 0.508594 0.199074 0.015104 0.007407
0 0.531510 0.199074 0.015104 0.009259
0 0.553906 0.198611 0.016146 0.008333
0 0.576042 0.199074 0.015625 0.007407
0 0.601302 0.199074 0.016146 0.009259
0 0.622135 0.200000 0.010937 0.007407
0 0.634115 0.201389 0.005729 0.006481
0 0.641927 0.202315 0.005729 0.006481
0 0.650260 0.203704 0.005729 0.005556
0 0.657813 0.204630 0.006250 0.005556
0 0.682031 0.206944 0.004687 0.006481
0 0.689323 0.208796 0.005729 0.006481
0 0.696875 0.209259 0.005208 0.007407
0 0.704167 0.210185 0.007292 0.007407
0 0.711719 0.211111 0.005729 0.007407
0 0.576562 0.703241 0.006250 0.010185
