0 0.273698 0.557870 0.014063 0.012037
0 0.469792 0.217130 0.012500 0.010185
0 0.487500 0.218519 0.013542 0.011111
0 0.502865 0.217130 0.011979 0.010185
0 0.519531 0.217130 0.013021 0.010185
0 0.534896 0.216667 0.014583 0.011111
0 0.584375 0.215741 0.012500 0.011111
0 0.600000 0.215278 0.012500 0.012037
0 0.616667 0.214352 0.013542 0.010185
0 0.632812 0.214815 0.013542 0.011111
0 0.649219 0.214352 0.013021 0.012037
0 0.485677 0.748611 0.035937 0.010185
0 0.564844 0.750000 0.034896 0.009259
0 0.895573 0.346759 0.005729 0.008333
0 0.920833 0.275926 0.006250 0.012963
0 0.886979 0.216204 0.005208 0.008333
0 0.928646 0.392593 0.003125 0.005556
