0 0.427604 0.262037 0.008333 0.007407
0 0.441667 0.263426 0.010417 0.010185
0 0.454427 0.263889 0.009896 0.009259
0 0.467969 0.264815 0.009896 0.009259
0 0.481250 0.265741 0.011458 0.009259
0 0.397917 0.399074 0.009375 0.009259
0 0.412760 0.400000 0.009896 0.007407
0 0.428125 0.401852 0.009375 0.009259
0 0.486719 0.406481 0.008854 0.009259
0 0.503906 0.407407 0.008854 0.007407
0 0.521094 0.407407 0.007812 0.007407
0 0.556771 0.554167 0.005208 0.008333
0 0.537240 0.662037 0.003646 0.007407
0 0.607812 0.217593 0.009375 0.012963
0 0.616667 0.206944 0.007292 0.008333
0 0.632552 0.190741 0.010937 0.016667
0 0.601562 0.680556 0.007292 0.014815
0 0.617188 0.658333 0.007292 0.014815
