0 0.413542 0.506019 0.008333 0.012037
0 0.491667 0.647685 0.013542 0.006481
0 0.519010 0.649074 0.013021 0.007407
0 0.501042 0.250926 0.001042 0.003704
0 0.505469 0.250926 0.005729 0.005556
0 0.511198 0.250000 0.004687 0.005556
0 0.516406 0.250000 0.005729 0.005556
0 0.521615 0.249537 0.005729 0.006481
0 0.538542 0.246296 0.005208 0.005556
0 0.544531 0.246759 0.004687 0.006481
0 0.550000 0.245833 0.004167 0.006481
0 0.555469 0.245833 0.005729 0.006481
0 0.560937 0.244907 0.005208 0.006481
0 0.720573 0.237500 0.010937 0.010185
0 0.732292 0.237963 0.011458 0.009259
0 0.743229 0.238426 0.010417 0.010185
0 0.756771 0.239352 0.011458 0.015741
0 0.774479 0.280556 0.004167 0.009259
0 0.757292 0.338426 0.010417 0.006481
