0 0.033854 0.354167 0.007292 0.013889
0 0.046094 0.212037 0.007812 0.011111
0 0.077604 0.132870 0.014583 0.012037
0 0.099479 0.131019 0.017708 0.012037
0 0.120052 0.129167 0.017188 0.012037
0 0.140885 0.127315 0.017188 0.010185
0 0.158333 0.126389 0.010417 0.010185
0 0.120573 0.293981 0.019271 0.015741
0 0.258333 0.288426 0.019792 0.012037
0 0.348438 0.132870 0.008333 0.006481
0 0.354948 0.134722 0.003646 0.008333
0 0.358854 0.136111 0.004167 0.007407
0 0.362760 0.137500 0.003646 0.008333
0 0.381250 0.143519 0.012500 0.009259
0 0.478646 0.520370 0.007292 0.012963
0 0.415885 0.755556 0.010937 0.011111
