0 0.494792 0.263426 0.010417 0.012037
0 0.507292 0.263426 0.010417 0.010185
0 0.519792 0.264352 0.011458 0.008333
0 0.532813 0.264352 0.009375 0.010185
0 0.547396 0.265741 0.012500 0.011111
0 0.564063 0.268981 0.007292 0.010185
0 0.569531 0.269907 0.002604 0.004630
0 0.573698 0.270370 0.003646 0.005556
0 0.595313 0.275926 0.010417 0.007407
0 0.587500 0.273148 0.003125 0.005556
0 0.416667 0.271759 0.009375 0.013889
0 0.447917 0.367593 0.012500 0.011111
0 0.506771 0.368519 0.012500 0.011111
0 0.564844 0.406019 0.007812 0.013889
0 0.632031 0.675463 0.008854 0.006481
0 0.645833 0.670370 0.008333 0.007407
0 0.694271 0.559722 0.004167 0.006481
0 0.684115 0.495833 0.002604 0.004630
0 0.557292 0.310648 0.004167 0.008333
