0 0.415365 0.452315 0.008854 0.008333
0 0.430469 0.452315 0.008854 0.010185
0 0.444792 0.452315 0.008333 0.010185
0 0.510417 0.456944 0.010417 0.012037
0 0.531510 0.458796 0.011979 0.010185
0 0.553125 0.460185 0.010417 0.009259
0 0.541406 0.727315 0.008854 0.008333
0 0.709375 0.307870 0.008333 0.008333
0 0.744271 0.310185 0.008333 0.007407
0 0.755729 0.310648 0.009375 0.008333
0 0.766927 0.312037 0.008854 0.007407
0 0.778385 0.312500 0.008854 0.008333
0 0.789323 0.312963 0.008854 0.007407
0 0.699740 0.937037 0.023438 0.012963
0 0.757812 0.926852 0.023958 0.011111
