0 0.154427 0.255556 0.005729 0.007407
0 0.190625 0.247685 0.010417 0.010185
0 0.203906 0.245370 0.010937 0.011111
0 0.320573 0.223148 0.010937 0.011111
0 0.336979 0.221296 0.012500 0.011111
0 0.352344 0.218519 0.013021 0.011111
0 0.368490 0.216667 0.013021 0.011111
0 0.384635 0.213426 0.011979 0.010185
0 0.435417 0.204630 0.014583 0.012963
0 0.453125 0.203241 0.013542 0.012037
0 0.471875 0.200463 0.014583 0.012037
0 0.490104 0.198611 0.014583 0.012037
0 0.513021 0.195370 0.018750 0.014815
0 0.536979 0.194444 0.017708 0.016667
0 0.556250 0.195833 0.012500 0.013889
0 0.570833 0.199074 0.012500 0.012963
0 0.585417 0.201389 0.012500 0.013889
0 0.599479 0.204630 0.012500 0.012963
0 0.677083 0.387037 0.013542 0.012963
0 0.697656 0.386111 0.014063 0.011111
0 0.719271 0.385185 0.012500 0.012963
0 0.779167 0.387500 0.006250 0.008333
0 0.789583 0.390741 0.009375 0.011111
0 0.799479 0.392593 0.009375 0.007407
0 0.740365 0.746759 0.021354 0.025000
0 0.330729 0.950463 0.038542 0.017593
0 0.413802 0.975000 0.044271 0.020370
