0 0.476562 0.353704 0.014583 0.012963
0 0.540365 0.354630 0.015104 0.012963
0 0.603646 0.395370 0.009375 0.016667
0 0.595313 0.292130 0.005208 0.008333
0 0.527083 0.242593 0.012500 0.014815
0 0.540625 0.243519 0.012500 0.014815
0 0.554688 0.243519 0.012500 0.014815
0 0.568490 0.242130 0.011979 0.010185
0 0.583854 0.243056 0.012500 0.012037
0 0.604948 0.246296 0.014063 0.009259
0 0.630990 0.252315 0.009896 0.008333
0 0.669792 0.686574 0.008333 0.006481
0 0.683333 0.680093 0.008333 0.006481
0 0.730990 0.559259 0.005729 0.009259
0 0.721354 0.489815 0.004167 0.005556
