0 0.298958 0.367130 0.010417 0.006481
0 0.315104 0.366667 0.010417 0.007407
0 0.332292 0.367130 0.010417 0.008333
0 0.334896 0.245833 0.009375 0.010185
0 0.349740 0.244907 0.011979 0.010185
0 0.364583 0.244444 0.011458 0.009259
0 0.378906 0.245370 0.011979 0.009259
0 0.393490 0.244907 0.011979 0.008333
0 0.395833 0.364815 0.012500 0.009259
0 0.415365 0.366204 0.009896 0.008333
0 0.434115 0.366204 0.010937 0.010185
0 0.448437 0.613426 0.004167 0.006481
0 0.472396 0.515278 0.006250 0.010185
0 0.534635 0.246759 0.003646 0.006481
0 0.538281 0.247222 0.003646 0.007407
0 0.542448 0.246759 0.003646 0.006481
0 0.563542 0.249537 0.003125 0.006481
0 0.566667 0.249537 0.003125 0.006481
0 0.570052 0.250463 0.003646 0.004630
