0 0.469010 0.286574 0.007812 0.010185
0 0.479687 0.285648 0.010417 0.010185
0 0.490625 0.284722 0.009375 0.010185
0 0.501563 0.283796 0.010417 0.012037
0 0.512760 0.283333 0.009896 0.011111
0 0.546354 0.281481 0.010417 0.011111
0 0.557552 0.280093 0.010937 0.012037
0 0.568229 0.280093 0.010417 0.012037
0 0.579688 0.279630 0.010417 0.011111
0 0.590885 0.279167 0.010937 0.012037
0 0.817708 0.275000 0.017708 0.012963
0 0.829427 0.275000 0.004687 0.007407
0 0.852865 0.322685 0.007812 0.013889
0 0.793750 0.273148 0.004167 0.005556
0 0.773438 0.387963 0.010417 0.009259
0 0.829688 0.385648 0.008333 0.010185
0 0.863021 0.423148 0.005208 0.009259
