0 0.640885 0.096759 0.003646 0.008333
0 0.651302 0.099074 0.011979 0.009259
0 0.669271 0.100000 0.014583 0.009259
0 0.686198 0.102315 0.014063 0.010185
0 0.702865 0.104167 0.014063 0.010185
0 0.719792 0.105093 0.015625 0.010185
0 0.627344 0.255093 0.010937 0.008333
0 0.646615 0.257407 0.010937 0.009259
0 0.666927 0.259259 0.010937 0.009259
0 0.741146 0.262963 0.012500 0.009259
0 0.761719 0.264815 0.010937 0.009259
0 0.782813 0.265741 0.012500 0.011111
0 0.829948 0.441204 0.007812 0.013889
0 0.814583 0.559259 0.003125 0.007407
