0 0.530208 0.531481 0.016667 0.012963
0 0.474740 0.527778 0.009896 0.009259
0 0.467708 0.394907 0.011458 0.008333
0 0.480469 0.393519 0.010937 0.009259
0 0.493229 0.391667 0.011458 0.009259
0 0.520052 0.388889 0.013021 0.007407
0 0.548958 0.385648 0.012500 0.008333
0 0.563281 0.384259 0.014063 0.007407
0 0.577865 0.382870 0.014063 0.010185
0 0.594531 0.381019 0.014063 0.008333
0 0.618750 0.381481 0.009375 0.007407
0 0.675000 0.385185 0.007292 0.007407
0 0.698177 0.387500 0.006771 0.006481
0 0.748437 0.381944 0.005208 0.006481
0 0.769271 0.385185 0.006250 0.007407
0 0.394010 0.527315 0.008854 0.008333
