0 0.032813 0.543981 0.009375 0.015741
0 0.070833 0.532407 0.016667 0.025926
0 0.163281 0.526852 0.008854 0.012963
0 0.052083 0.700463 0.003125 0.008333
0 0.108854 0.702315 0.016667 0.025000
0 0.150260 0.700463 0.010937 0.013889
0 0.199740 0.689815 0.002604 0.009259
0 0.211979 0.505093 0.003125 0.008333
0 0.238021 0.508796 0.009375 0.012037
0 0.268750 0.675000 0.009375 0.012963
0 0.308073 0.672685 0.008854 0.013889
0 0.326302 0.502778 0.008854 0.012963
0 0.322656 0.459722 0.003646 0.006481
0 0.327604 0.459259 0.004167 0.005556
0 0.395833 0.456019 0.010417 0.013889
0 0.335417 0.456481 0.004167 0.009259
0 0.356250 0.662037 0.002083 0.009259
0 0.487760 0.483333 0.010937 0.016667
0 0.514844 0.483333 0.010937 0.018519
