0 0.038542 0.541204 0.010417 0.012037
0 0.132031 0.534259 0.009896 0.011111
0 0.069531 0.711574 0.009896 0.012037
0 0.111458 0.707870 0.010417 0.012037
0 0.164323 0.697222 0.002604 0.011111
0 0.015365 0.548611 0.002604 0.006481
0 0.383854 0.690278 0.009375 0.012037
0 0.424479 0.688889 0.009375 0.012963
0 0.468490 0.680093 0.002604 0.008333
0 0.274219 0.527315 0.004687 0.010185
0 0.336198 0.519907 0.009896 0.013889
0 0.427865 0.515278 0.008854 0.012037
0 0.406771 0.489815 0.009375 0.011111
0 0.378125 0.459722 0.008333 0.012037
0 0.318229 0.460185 0.008333 0.011111
0 0.303906 0.462963 0.002604 0.005556
0 0.308854 0.462963 0.004167 0.005556
