0 0.027344 0.531481 0.003646 0.009259
0 0.063281 0.522222 0.010937 0.012963
0 0.156250 0.517130 0.013542 0.021296
0 0.099219 0.693519 0.009896 0.012963
0 0.140885 0.691204 0.017188 0.026852
0 0.191406 0.681019 0.004687 0.013889
0 0.262240 0.662963 0.009896 0.012963
0 0.301042 0.661111 0.009375 0.012963
0 0.209375 0.493056 0.003125 0.010185
0 0.233333 0.496759 0.010417 0.013889
0 0.321094 0.492130 0.009896 0.013889
0 0.323437 0.449074 0.007292 0.012963
0 0.392448 0.445370 0.010937 0.014815
0 0.866146 0.549537 0.006250 0.008333
0 0.876563 0.437500 0.003125 0.006481
0 0.906510 0.438889 0.003646 0.007407
0 0.331771 0.445833 0.004167 0.010185
