0 0.202083 0.400463 0.009375 0.006481
0 0.212500 0.398148 0.009375 0.005556
0 0.225000 0.396759 0.009375 0.006481
0 0.295052 0.390741 0.010937 0.007407
0 0.309375 0.390741 0.010417 0.007407
0 0.321875 0.390741 0.012500 0.009259
0 0.330469 0.601852 0.011979 0.009259
0 0.283073 0.750000 0.007812 0.005556
0 0.117448 0.700463 0.008854 0.006481
0 0.186458 0.700000 0.012500 0.009259
0 0.128385 0.724537 0.009896 0.006481
0 0.170573 0.724537 0.011979 0.008333
0 0.945312 0.043981 0.019792 0.015741
0 0.945312 0.057407 0.018750 0.014815
