0 0.463021 0.716204 0.131250 0.204630
0 0.729948 0.437037 0.014063 0.020370
0 0.779167 0.369907 0.006250 0.017593
0 0.065625 0.356481 0.008333 0.011111
0 0.077865 0.412037 0.006771 0.012963
0 0.031250 0.417593 0.031250 0.022222
0 0.018490 0.386111 0.010937 0.016667
0 0.051562 0.411111 0.009375 0.024074
0 0.220573 0.437500 0.015104 0.025000
0 0.189844 0.324537 0.013021 0.023148
0 0.157031 0.336574 0.009896 0.010185
0 0.109635 0.356944 0.006771 0.013889
0 0.395833 0.377315 0.028125 0.037963
0 0.366927 0.453704 0.018229 0.024074
0 0.383594 0.477315 0.011979 0.021296
0 0.288281 0.387963 0.006771 0.011111
0 0.703125 0.462963 0.013542 0.016667
