0 0.197396 0.321759 0.004167 0.006481
0 0.210938 0.318519 0.014583 0.005556
0 0.363802 0.299074 0.015104 0.005556
0 0.383333 0.299074 0.014583 0.007407
0 0.403646 0.666667 0.015625 0.007407
0 0.660156 0.637037 0.011979 0.007407
0 0.678125 0.372685 0.004167 0.006481
0 0.630469 0.371759 0.011979 0.006481
0 0.644792 0.370833 0.011458 0.006481
0 0.850000 0.595833 0.010417 0.008333
0 0.923177 0.363889 0.002604 0.005556
0 0.709375 0.306019 0.010417 0.008333
0 0.720313 0.303241 0.010417 0.008333
0 0.726823 0.381944 0.002604 0.004630
0 0.806771 0.292130 0.011458 0.008333
0 0.819271 0.291667 0.011458 0.009259
0 0.881250 0.614815 0.003125 0.005556
0 0.507552 0.390278 0.007812 0.004630
0 0.519792 0.387037 0.011458 0.005556
