0 0.039062 0.419444 0.004687 0.005556
0 0.044141 0.422222 0.005469 0.005556
0 0.018750 0.420833 0.004687 0.005556
0 0.010937 0.425000 0.004687 0.005556
0 0.123047 0.428472 0.007031 0.012500
0 0.141406 0.432639 0.010937 0.009722
0 0.090234 0.418750 0.003906 0.006944
0 0.092969 0.429861 0.004687 0.006944
0 0.082812 0.431944 0.006250 0.005556
0 0.367188 0.488194 0.017188 0.015278
0 0.206250 0.443056 0.009375 0.008333
0 0.210938 0.435417 0.009375 0.006944
0 0.258203 0.433333 0.007031 0.008333
0 0.204297 0.420139 0.008594 0.009722
0 0.513672 0.454167 0.011719 0.011111
0 0.769531 0.322917 0.007812 0.009722
0 0.826953 0.320833 0.007031 0.008333
0 0.746484 0.315972 0.005469 0.006944
0 0.653125 0.439583 0.003125 0.006944
