0 0.050781 0.541667 0.026562 0.012963
0 0.094010 0.520833 0.023438 0.017593
0 0.216927 0.519907 0.020313 0.010185
0 0.315104 0.504630 0.018750 0.014815
0 0.370573 0.502778 0.019271 0.016667
0 0.392708 0.545833 0.023958 0.013889
0 0.529687 0.547222 0.021875 0.011111
0 0.446615 0.453704 0.005729 0.009259
0 0.572396 0.526389 0.019792 0.012037
0 0.582292 0.509259 0.010417 0.016667
0 0.577344 0.477778 0.013021 0.009259
0 0.588281 0.469907 0.011979 0.012037
0 0.686979 0.508796 0.019792 0.010185
0 0.726302 0.496296 0.017188 0.012963
0 0.725521 0.483333 0.015625 0.014815
0 0.714063 0.468981 0.013542 0.010185
0 0.820312 0.493519 0.016667 0.011111
0 0.841146 0.478241 0.014583 0.017593
