0 0.439844 0.369444 0.007812 0.012963
0 0.427865 0.369444 0.009896 0.012963
0 0.417187 0.369444 0.007292 0.012963
0 0.409375 0.368519 0.004167 0.012963
0 0.403385 0.368981 0.005729 0.012037
0 0.539062 0.375463 0.021875 0.010185
0 0.564063 0.375926 0.020833 0.011111
0 0.629687 0.451389 0.062500 0.058333
0 0.689844 0.452778 0.054688 0.053704
0 0.745573 0.451389 0.056771 0.047222
0 0.725781 0.484722 0.013021 0.019444
0 0.741667 0.487963 0.017708 0.020370
0 0.757812 0.488889 0.013542 0.018519
0 0.802865 0.454630 0.061979 0.048148
0 0.859115 0.457407 0.049479 0.046296
0 0.894271 0.470370 0.020833 0.055556
0 0.923698 0.460185 0.031771 0.038889
0 0.797917 0.368056 0.009375 0.021296
0 0.810156 0.368056 0.008854 0.021296
0 0.818229 0.369907 0.008333 0.023148
0 0.826823 0.370833 0.006771 0.023148
0 0.832552 0.376389 0.004687 0.019444
0 0.746094 0.379630 0.023438 0.022222
0 0.719531 0.378241 0.022396 0.013889
0 0.693490 0.375463 0.022396 0.017593
0 0.671875 0.376389 0.016667 0.015741
0 0.964583 0.243981 0.014583 0.012037
0 0.978646 0.241667 0.007292 0.012963
