0 0.153906 0.621296 0.092188 0.055556
0 0.105208 0.397685 0.055208 0.041667
0 0.433333 0.343056 0.005208 0.006481
0 0.421615 0.343056 0.005729 0.006481
0 0.410417 0.342130 0.005208 0.004630
0 0.402604 0.343056 0.005208 0.006481
0 0.571354 0.415741 0.012500 0.011111
0 0.688021 0.350926 0.020833 0.009259
0 0.714844 0.353704 0.022396 0.009259
0 0.740625 0.353704 0.023958 0.012963
0 0.793750 0.343519 0.009375 0.018519
0 0.805469 0.343981 0.007812 0.021296
0 0.813802 0.345370 0.008854 0.020370
0 0.821094 0.346296 0.005729 0.020370
0 0.827604 0.351389 0.006250 0.017593
0 0.909375 0.418519 0.007292 0.018519
