0 0.595833 0.419444 0.060417 0.055556
0 0.651302 0.416667 0.056771 0.055556
0 0.709115 0.419907 0.057813 0.045370
0 0.767188 0.420833 0.060417 0.054630
0 0.833854 0.427778 0.075000 0.062963
0 0.888021 0.423611 0.029167 0.041667
0 0.748437 0.656019 0.102083 0.050926
0 0.389583 0.346296 0.005208 0.005556
0 0.399740 0.346296 0.005729 0.005556
0 0.411458 0.347222 0.007292 0.005556
0 0.666146 0.351852 0.021875 0.009259
0 0.691927 0.352778 0.019271 0.007407
0 0.717448 0.354167 0.023438 0.010185
0 0.769271 0.343519 0.008333 0.020370
0 0.781250 0.343981 0.009375 0.021296
0 0.790104 0.344907 0.007292 0.019444
0 0.796875 0.345833 0.007292 0.017593
0 0.803385 0.352315 0.008854 0.021296
0 0.053385 0.403704 0.009896 0.014815
